0100000100000000101100111011110000100011011101010010010000110011000100000110101110001001001101000011110110011011101010
1101000001000001001000010100000100101000001110101001001101110011100011100010100000000101000100100001000001000100110110
1011000100010001011000000110001101100101101010010111010101100000011010100110000010100110010000010001000100001100000101
0001000100110100110100010110000100010011001001100011001101100100001110110011001100010011100110100001010100110001000101
1011101000111111000101010101001100000010000100011001100001000000101100001100000001101000011000000100000000010111011001
0011010101000101011100100000011000110010101001111100110010110001001000110001001001111000001001010100000000110000011010
1011011001000000010000010001100111000100000110111010000100111000011010101000001001100001001101010101000101100001001101
0101000000011100111001000001110000001001001000000110001101011011101000100010000101000010000111011010101000001000001001
0010110001000110001100101100010100100001011100110011001010100100001100110111001010110000000000001001010100110000101110
1011000000010000100001110011000101000010001010100111001101111010010111011000010101100010000000101100010111010011001010
